OBS
 1    0.0    0.0    0.0    0.0    0.0    2.5    0.0   19.0    0.0   27.2    0.0    0.0
 2    0.0    0.0    0.0    0.0    0.0   24.5    1.6    1.2    0.0    0.0    0.0    0.0
 3    0.0    0.0    0.0    0.0    0.0    0.0    7.2    4.0    0.0    8.4    0.0    3.2
 4    0.0    0.0    0.0    0.0    0.1    0.5   13.1    0.0    0.0   67.7    0.0    9.2
 5    0.0    0.0    0.0    0.0    3.6   14.0    0.0   13.6    0.0   40.3    0.0    0.1
 6    0.0    0.0    0.0    0.0    0.0    0.2    0.0   17.6    0.0    0.4    0.0    0.0
 7    0.0    0.0    0.0    0.0    1.5    2.7    2.3    2.6    0.0    1.4    0.0    0.0
 8    0.2    0.0    0.0    0.0    0.0    2.0    1.6    6.5    0.0   22.6    0.0    0.0
 9    0.0    0.0    5.3    0.0    0.2   46.2    2.2    0.3    0.0    2.0    0.0    0.0
10    0.2    0.0    0.0    0.0   28.5   71.1   15.5    0.0    0.0    9.2    0.0    0.0
11    0.0    0.0    0.0    0.0    4.7    1.7   14.2    7.5    0.0   12.5    0.0    0.0
12    0.0    0.0  -99.0    0.0    0.0    0.4    0.5   22.4    0.0    0.1    0.0    0.0
13    0.0    0.0    0.0    0.0    0.0    0.0    0.0    3.6    0.0   14.8    0.0    0.0
14    0.0    0.0    0.0    0.0    0.0    0.2    0.0    8.5    0.0   69.2    0.0    0.0
15    0.0    0.0    0.0    0.0    9.0   35.7    0.0   20.5    0.0    6.5    0.0    1.4
16    0.0    0.0    0.0    0.0    0.0    5.6    0.0    2.0    0.0    0.0    4.3    0.0
17    0.0    0.0    0.0    0.0    6.4    2.5    0.0   40.7    0.0    2.4    0.7    0.0
18    0.0    0.0    0.5    0.0   12.9    3.5    2.2   33.0  -99.0    7.5    0.0    0.0
19    0.0  -99.0    0.5    0.0    0.0    7.0    0.0   24.3    0.0    0.0    5.0    0.0
20    0.0    0.0    0.0    0.0    0.5   10.7    4.3    4.8    0.0    1.0    4.5    4.0
21    0.0    0.0    0.0    0.0   11.3    5.9    1.0    0.0    0.0    9.2    0.8    0.0
22    0.0    0.0    0.0    0.0   18.4   55.4   10.9    0.0    0.0    2.9    0.0    0.0
23    0.0    0.0    0.0    0.0    4.2    0.2   12.6   18.7    0.0    5.2    0.2    0.0
24    0.0    0.0    0.0    0.0    0.2    3.9    0.5    0.9    0.0   13.5    4.2    0.0
25    0.0    0.0    0.0    0.0    0.8    0.4    3.6    8.6    0.0    5.7    0.0    0.0
26    0.8    0.0    0.0    0.0    0.0   12.2   19.5    3.5    0.0    4.8    0.0    0.0
27    0.2    0.0    0.0    0.0    4.1    9.4    1.1    0.0    0.0   26.2    0.0    0.0
28    0.0    0.0    0.0    0.0    0.0    4.4    0.0   55.3    0.0    9.4    0.0    0.0
29    0.0  -99.0    0.0    0.0   29.0    6.4    0.0   41.2    0.0    0.0    0.5    0.0
30    0.0  -99.0    0.3    0.0    0.0    3.3    0.0    9.9    0.0    0.4    0.0    0.0
31    0.0  -99.0    0.0  -99.0    0.3  -99.0   10.7    5.1  -99.0    1.4  -99.0    0.0
SIMU_1
 1    0.0    0.0    0.0    0.0    6.5    1.6    0.0   10.8    0.0    0.0   49.5    3.7
 2    0.0    0.0    0.0    0.0    0.0   16.2    0.0   21.6   17.8    5.5    1.6    1.3
 3    0.0    0.0    0.0    0.0    0.0    1.8   11.1    6.1    5.9   26.0   47.7   17.7
 4    0.0    0.0    0.0    0.0    8.5    1.4    0.0   32.9    0.2    0.8    0.0    0.2
 5    0.0    0.0    0.0    0.0    0.1    2.6    6.1   24.3    0.0    0.0   36.3    0.1
 6    0.0    0.0    0.0    0.0    0.5    1.0    0.0    1.9    0.0    0.0   40.5    0.0
 7    0.0    0.0    0.0    0.0   19.4    6.9    0.0    1.4    0.0    0.0   52.3    0.0
 8    0.0    0.0    0.0    0.0    0.0    0.3   14.3    6.4    0.3    0.0    7.0    0.3
 9    0.0    0.0    0.0    0.0    0.0    0.0    1.8    8.7    0.1    0.0    0.0    0.0
10    0.0    0.0  -99.0    0.0    0.0    7.6   18.7   17.1   10.2    2.2    2.3    0.9
11    0.0    0.0    0.0    0.0    0.0    5.0    0.1    0.0    0.5    1.5    0.6    0.0
12    0.0    0.0    0.0    0.0   12.3    1.2    0.0    0.0    0.3    8.0    0.0    0.0
13    0.0    0.0    0.0    0.0    0.0   12.3    0.0    0.1   94.2    0.0    2.6    0.0
14    0.0    0.0    0.0    0.0    0.4   24.8    0.5    0.1    8.5   21.7   13.7    0.0
15    0.0    0.0    0.0    1.8   17.2    8.4    0.9    2.8    0.0   18.2    0.0    0.0
16    0.9    0.0    0.0    0.0    0.0   16.0    1.4   11.2   15.1   22.6    0.0    0.0
17    0.1    0.0    0.0    0.0    1.4    1.8    0.0   22.5    8.8   14.5    0.0    0.0
18    0.0    0.0    0.0   11.8   71.5    9.1    2.5    0.0    7.8    0.0    0.0    0.0
19    0.0    0.0    0.0    0.0    2.4   14.8   18.2    0.0    0.0    0.0    1.2    0.0
20    0.0    0.0    0.0    0.0    1.7    2.8    1.4   12.0    5.0    0.0    0.5    0.0
21    0.0    0.0    0.0   13.8    0.3   15.1    3.0   10.0   13.8    0.0    0.0    0.0
22    0.0    0.0    0.0    0.0    1.3    8.2    4.5    1.2   34.0    2.7    0.0    0.0
23    0.0    0.0    0.0    0.0    3.2    0.0    0.0    0.0    4.5   15.6    0.1    0.0
24    0.0    0.0    0.0    0.0    0.2    0.0    4.5    0.0    0.0    0.2    8.4    0.0
25    0.0    0.0    0.0    0.0   43.7    1.3   11.0    0.9    0.0    2.3    0.0    0.0
26    0.0    0.0    0.0    0.0   48.1   21.7    0.0    0.2   10.9    4.7    0.4    0.0
27    0.0    0.0    0.0    0.0    2.1    0.0   10.2    9.8   19.6    3.5    0.0    0.0
28    0.3    0.0    0.0    0.0    0.0    0.0   25.4    0.0    1.9   54.3    0.0    0.0
29    0.0  -99.0    0.0    0.0   16.6    9.5    0.4    0.0    0.0    1.0    0.0    0.0
30    0.0  -99.0    0.0    0.0   21.2    0.9    7.3    0.0    0.0   15.2    5.2    0.0
31    0.1  -99.0    0.0  -99.0   52.2  -99.0    0.0   24.6  -99.0   13.8  -99.0    0.0
SIMU_2
 1    0.0    0.0    0.0    0.0    0.8   49.3    0.3    0.5    6.8   51.3    0.0    0.0
 2    0.0    0.0    0.0    0.0    0.0   27.0    7.3    0.0    5.4    0.0    0.8    0.0
 3    0.0    0.0    0.0    2.6    9.6    8.4    0.8   33.2   11.3    0.0    3.2    1.2
 4    0.0    0.0    0.0    0.0    2.7    6.7   24.2   28.0    0.1    0.9    0.0    0.0
 5    0.0    0.0    0.0    0.0    1.2    0.0    0.6    2.0    7.2    0.0    0.0    0.0
 6    0.0    0.0    0.0    0.0    0.6    0.8    1.0    0.0   45.2    0.0   24.8    0.0
 7    0.0    0.0    0.0    0.0    0.1    2.3    1.1    4.6    0.0    1.6    0.0    0.0
 8    0.0    0.0    0.0    0.0    2.4    4.7    0.0    0.6    0.5    0.0    8.0    0.0
 9    0.0    0.0    0.0    0.0   33.0   67.8    0.0   12.0   14.0   28.9   10.8    0.0
10    0.0    0.0    0.0    0.0   16.2    5.6    0.0   87.1    1.2    4.2    2.8    0.0
11    0.0    0.0    0.0    0.0    0.0    0.0   23.3   21.6    6.4   21.4    6.8    0.0
12    0.0    0.0    0.0    0.0    8.5   19.6    0.0    0.0    6.0    0.0    5.2    0.0
13    0.0    0.0    0.0    0.0    1.0   12.3    4.6    0.0    0.6    3.0    0.0    0.0
14    0.0    0.0    0.0    0.0    0.0    3.1   10.9    0.5   62.2    4.8   67.7    0.0
15    0.0    0.0    0.0    0.0   15.8    3.5    3.0    0.0   36.4    0.0    0.0    0.0
16    0.0    0.0    0.0    0.0   43.5    0.0   10.9   12.6    2.1   18.6    0.0    0.0
17    0.0    0.0    0.0    0.0   18.0    0.0   21.4   14.7    0.0   77.1    0.1    0.0
18    0.0    0.0    0.0    0.0    4.2    3.3    0.3    1.8   43.2    0.8    0.1    2.4
19    0.0  -99.0    0.0    0.2    9.3  101.9    0.9    0.1    0.0    0.0    0.0    0.0
20    0.0    0.0    0.0    0.0    0.8    3.0    0.0   10.9    0.0    0.0    0.0    0.0
21    0.0    0.0    0.0    0.0    0.0   69.0   50.0    0.3    5.2    0.1    0.0    0.0
22    0.0    0.0    0.0    0.0    0.0   25.6    0.0    0.8    3.1    0.2    0.0    0.0
23    0.0    0.0    0.0    2.0    0.0    2.8    0.0    0.2    0.3   32.7    0.0    0.0
24    0.0    0.0    1.6    0.0   24.6    1.2    0.0    4.7    0.0    0.0    0.1    0.0
25    0.0    0.0   57.5    0.0    0.6    3.0    0.4    0.4    0.0    0.5    0.5    0.0
26    0.0    0.0    2.0    0.0    3.0    0.0    2.2    6.0    0.1    0.0    0.0   31.1
27    0.0    0.0    0.0    3.2    0.0    2.4    0.6    8.7    0.0   29.5    0.0    8.5
28    0.0    0.0    0.0    1.2    0.2    4.2   20.0   35.2   54.4    0.0    0.0    0.0
29    0.0  -99.0    0.0    0.0    0.0    0.0   14.7    0.0   16.9    0.0    0.0    0.0
30    0.0  -99.0    0.0    0.0   16.3    0.0    5.6    0.0    6.2    9.1    0.0    0.0
31    0.0  -99.0    0.3  -99.0    0.1  -99.0    0.0    0.0  -99.0    0.0  -99.0    0.0
SIMU_3
 1    1.6    0.0    0.0    0.0    0.1    0.0    0.0   24.0   14.9   10.6    0.0    0.0
 2    0.0    0.0    0.0    0.0   26.4    0.5    0.0    0.0    0.2   15.5    1.3    0.0
 3    0.0    0.0    0.0    0.0    0.0    0.0    0.0   23.2    0.6    7.1    6.3    0.0
 4    0.0    0.0    0.0    0.0    0.0    7.5    0.0    7.0    1.0    7.9   31.5    0.0
 5    0.0    0.0    0.0    0.0    0.0    0.0    1.2    0.0    0.0    0.5   30.8    0.0
 6    0.0    0.0    0.0    0.0    0.0    0.0    0.0   14.6    2.0   26.0    3.8    6.0
 7    0.0    0.0    0.0    0.0    0.0    0.7   10.8    6.9    1.0    1.0    0.5    0.0
 8  -99.0    0.0    0.0    0.0    2.5   63.2    2.6    4.0    9.6   13.7   11.0    0.0
 9    0.0    0.0    0.0    0.0    0.0   76.6    5.2   17.3    0.0    4.0    7.7    0.0
10    0.0    0.0    0.0    0.0    0.0  -99.0    0.8   37.2    4.4    1.5    6.5    0.4
11    0.0    0.0    0.0    0.0    0.0    2.7    4.8   17.1    1.2    0.9    0.0   11.3
12    0.0    0.0    0.0    0.0    0.0    0.0   36.3   28.2   28.2    2.0    0.0    0.0
13    0.0    0.0    0.0    0.0    0.0    4.0    0.1   19.8    1.9    0.2    0.0    0.4
14    0.0    0.0    0.0    0.0    0.0    1.8   19.5   19.6    0.1    1.5    4.0    0.0
15    0.0    0.0    0.0    0.0    0.0    0.0    3.0    0.6    0.1    6.0   58.5    0.0
16    0.0    0.0    0.0    0.0    0.0   14.6   10.4   12.8    1.9   43.7    1.5    0.0
17    0.0    0.0    0.0    0.0    0.0    0.0    0.6   14.4    1.9    3.7   42.5    0.0
18    0.0    0.0    0.0    0.0    0.0    0.0    2.3    8.9    2.0   20.8    0.0    0.0
19    0.0    0.0    0.0    0.0    0.0    0.0    3.0    0.0   32.0    0.3    0.0    0.0
20    0.0    0.0    0.0    0.0    0.0    0.0    2.5   19.5    6.6    3.5    0.0    0.0
21    0.0    0.0    0.0    0.0    0.0    0.0   44.6   31.1   51.4   24.3    0.0    0.0
22    0.0    0.0    0.0    0.0    0.0   15.0    2.8    6.1    1.6    0.0    0.0    0.0
23    0.1    0.0    0.0    0.0    0.5    6.2    3.1    0.0   13.2   16.5   16.0    0.0
24    0.0    0.0    0.0    0.0    0.2   12.3   14.0    0.0   10.2    0.0    2.0    0.0
25    0.0    0.0    0.0    0.0    0.0    2.2   43.2    4.3    0.0   12.5    0.0    0.0
26    0.0    0.0    0.0    0.0    2.5    7.3    0.0    0.0   52.4    1.0    0.0    0.0
27    0.0    0.0    0.0    0.0    0.0   28.0   19.0    0.0   21.5    2.0    0.1    0.0
28    0.0    0.0    0.0    0.0    3.1   14.3    0.0    0.0    7.5    3.1    0.0    0.0
29    0.0  -99.0    0.0    0.0    0.0    1.7    0.2    0.0    2.2    0.0    0.0    0.0
30    0.0  -99.0    0.0    0.0    6.1   17.9   25.7   11.7   32.9    0.7    0.0    0.0
31    0.0  -99.0    0.0  -99.0    8.1  -99.0    0.0    2.8  -99.0    0.0  -99.0    0.0